1 9 4
1 30 4
1 78 2
1 96 1
2 25 4
2 9 2
2 10 2
2 51 2
2 59 2
2 60 2
2 85 2
2 89 2
3 30 4
3 43 4
3 44 2
3 88 4
3 98 2
4 10 4
4 59 4
4 11 2
4 66 1
5 48 4
5 43 1
5 65 1
5 93 1
5 5 1
6 6 4
6 86 4
6 5 2
6 8 2
6 9 4
6 15 2
6 14 4
6 34 1
6 31 1
6 38 1
7 7 4
7 9 4
7 14 4
7 74 1
8 7 4
8 45 2
8 10 3
8 14 4
8 36 4
8 40 4
8 97 2
8 69 2
9 0 4
10 25 4
10 84 4
10 5 2
10 8 3
10 65 3
10 33 2
10 47 2
10 51 2
10 56 2
10 61 2
10 68 2
11 13 4
11 14 4
11 23 4
11 28 3
11 30 3
11 37 3
11 42 4
11 58 3
11 61 3
11 66 3
12 28 4
12 21 3
12 29 3
12 38 3
12 81 3
12 89 2
12 36 1
12 70 1
12 0 1
12 1 1
13 19 4
13 20 3
13 55 3
13 4 2
13 27 2
13 41 2
13 43 2
13 69 2
13 12 1
13 24 1
14 0 4
14 58 4
14 2 3
14 61 3
14 71 3
14 1 2
14 65 2
14 19 1
14 52 1
14 56 1

