1 45 10.0
1 55 9.0
1 10 8.0
1 89 7.0
1 14 6.0
1 99 5.0
1 31 4.0
1 43 3.0
1 29 2.0
1 71 1.0
2 41 10.0
2 55 9.0
2 66 8.0
2 10 7.0
2 60 6.0
2 50 5.0
2 22 4.0
2 26 3.0
2 64 2.0
2 61 1.0
3 45 10.0
3 89 9.0
3 99 8.0
3 10 7.0
3 41 6.0
3 31 5.0
3 68 3.5
3 14 3.5
3 66 2.0
3 44 1.0
4 11 1.0
5 66 3.0
5 49 2.0
5 44 1.0
6 32 10.0
6 16 9.0
6 66 8.0
6 81 7.0
6 10 6.0
6 92 5.0
6 87 4.0
6 22 3.0
6 65 2.0
6 63 1.0
7 10 10.0
7 8 9.0
7 89 8.0
7 48 7.0
7 15 6.0
7 40 5.0
7 75 4.0
7 60 3.0
7 9 2.0
7 27 1.0
8 41 7.0
8 37 6.0
8 8 5.0
8 46 4.0
8 15 3.0
8 11 2.0
8 98 1.0
9 1 1.0
10 55 10.0
10 66 9.0
10 48 8.0
10 50 7.0
10 22 6.0
10 64 5.0
10 85 4.0
10 6 3.0
10 71 2.0
10 26 1.0
11 45 10.0
11 14 9.0
11 55 8.0
11 43 7.0
11 29 6.0
11 71 5.0
11 10 4.0
11 68 3.0
11 38 2.0
11 31 1.0
